20
977365070 59489
8 5 9 999966210
693840425 90561
2 6 7 999957328
28 21
6 5 1 85919
640834505 28785
3 9 1 999946125
1000000000 1
12 7 74 12
131 74
1 9 10 78736
1000000000 100000
99999 1 99999 100000
1000000000 100000
999999999 1 999999999 1000000000
497151700 96511
9 7 6 999919625
186 75
68 16 539 186
98 59
6 30 524 98
82 81
58 56 739 82
220 88
1 8 3 58265
254 99
1 8 9 74990
73 26
5 8 4 54214
218492221 46085
3 7 1 999969453
198 81
8 5 7 83495
840698758 13331
8 7 10 999955808
714311129 39521
9 5 9 999998192
66 39
35 2 589 66
