                                                                     
                                                                     
                                             
20
1000000000 1
12 7 74 12
714311129 39521
9 5 9 999998192
73 26
5 8 4 54214
45068754 29153
2 9 5 999904402
46 18
7 11 9 46
1000000000 100000
100000 1 0 1000000000
110 53
7 7 1 64417
1000000000 100000
999999999 1 999999999 1000000000
66 39
35 2 589 66
78 51
3 5 5 51230
1000000000 100000
1 1 0 2
232959116 56689
4 9 1 999903057
112 73
1 5 3 64100
186 75
68 16 539 186
254 99
1 8 9 74990
220 88
1 8 3 58265
28 21
6 5 1 85919
22 21
1 4 869 22
177 73
7 7 5 56401
1000000000 100000
99999 1 99999 100000
